0.8891437156105371 0.7067516770810487 -1.065413185966108 2.368975723461943 0.37333479486796006
0.9266230998431711 0.5529958336451664 -0.28878358117386593 4.861626939720674 0.13718370671108487
0.9908756880288111 3.3194736301853656 -1.231074067802332 1.2323287001077734 0.31686622297602246
0.9189780634933589 0.3114522564165947 -1.166565604265882 2.342030215728011 0.227642305224828
0.9748496016533512 2.4056205508316815 -0.0590970980726353 1.4975357419691049 0.18577373649112178
0.9370364326344358 4.433860282065863 -1.8011830281905175 0.15558457356679598 0.16573534591297426
0.8826216485783516 4.975815835729744 -1.785927233114283 1.1288511229672609 0.35137779642355443
0.9952066740026986 2.3757081848396817 -1.2821833801034113 2.0240088667751164 0.29107922112149315
0.8999426222258298 -1.679955112622641 -1.1998048317885726 1.7723898210400681 0.21387429389860002
0.939931842077613 2.699976861237025 -1.2182245576036852 1.286860601405624 0.29530405922428915
0.9139675940490939 2.536099846417067 -1.4925399516818854 0.3101861747910348 0.18778823808440803
0.9118527294663362 2.093989785394167 -0.13905873826863435 3.9492903963074513 0.38357417697575624
0.9165418469973041 1.6498461701884293 -0.4270564446901175 3.7915726610232903 0.19395495919084788
0.9686274122625449 0.1275023892329794 -1.8638626615560447 2.058734106193173 0.31566132435976063
0.9366959768911944 1.3985000009604538 -1.3856455379115953 2.91431612837868 0.19276511313482253
0.9308457823280176 2.0590481503745064 -1.2749938465159292 2.6483554594820236 0.23424158889146185
0.8887096078508333 -0.9426219402407972 -0.11150434691578925 3.1433651472463273 0.056342554817284736
0.9580811903503375 4.307218513983344 -0.6660826722005033 0.21634201893349048 0.48752860089418504
0.986759823255076 -1.851540933535203 -1.588665612143183 3.1158078886653757 0.32539515741955166
0.9454243910000961 -0.06904953891163057 -1.754515714310316 1.5936267359517717 0.4542688200851497
0.8750634731979119 -1.6199098430410865 -1.8233356506095375 3.668882350544609 0.32249787756039866
0.9658358845923815 -0.620009473953862 -0.6436906602740717 1.040725608757827 0.39365487095199575
0.8604172675152556 2.839017396620659 -0.8357194783759827 0.5294037012880058 0.1309614132841367
0.8977699204540585 -0.5708379782301849 -1.9417208621639552 0.05232750237624505 0.062289147190507044
0.8672092061508575 2.200019103630824 -0.1634153137996921 3.730955231042241 0.30140746258731915
0.855923242289692 2.9376259154376863 -1.8276799457163044 4.969733361280976 0.3487856879807538
0.9031586106361907 4.898734789335569 -1.7024364637041938 4.568861145211429 0.4472036863074709
0.9757217015786489 2.5754120277837966 -0.2400104711403177 0.10907004585997464 0.3037184727123407
0.8566078893818394 0.6006476570095916 -1.5106369454370623 2.467998429365349 0.16161148134972833
0.9678995951904903 4.145506642023093 -0.2615365487084542 3.1811418424938176 0.11227000289356126
0.9778747170129195 4.684951486516536 -0.2791388469997851 3.5683347909333123 0.4054500218064271
0.9532671984151582 0.21490627529684625 -1.9118729988374161 4.03255936241287 0.09164994785623096
0.8787620363960919 4.351469036778369 -0.7770605684987906 0.553250784372711 0.25373723718853497
0.9638011140069711 -0.1454111136773779 -1.3948623716288715 1.8487003365393564 0.4854917392834687
0.8778985752013847 3.7021687732031765 -0.9034570003475813 4.3698194391013985 0.3776449538993103
0.9291903004027797 2.756886201979518 -0.8777941657392858 2.438993892180042 0.38775987470475975
0.9701216900747889 -1.4108284498566632 -0.6048290518456358 0.595058391571435 0.20654190317100848
0.8862130596988146 2.997032046405007 -0.4485739960210027 4.334212945297635 0.14971164611706025
0.9347761032743948 3.5584095001223153 -1.094030015563713 3.4901798869670313 0.3460473647173532
0.9883943539440037 2.894283017526959 -1.4779331911722733 0.6452476039104362 0.20040540035452678
0.9649329239523545 -1.0551490438788576 -0.6266819726378929 2.710992424513816 0.17242717562567508
0.9045963473597423 -0.47239014156804204 -0.7553293274750521 4.674121560039064 0.22351968353942944
0.8939043243786005 0.9249186970424006 -0.5229363098663449 0.3417641875671102 0.4338191364284485
0.9335233117868726 4.011161970310004 -1.1565282594397597 4.034478964439679 0.14439985802360236
0.9123484100722538 -0.9920910519696149 -0.3041769525923599 2.798124524324353 0.3352641596666731
0.8658335745823394 4.842853290963221 -1.8840589489608488 0.8299779369115358 0.23279681661983417
0.9768475359420202 2.494011839789839 -0.8173935458420312 4.2111098761481855 0.04863692763846621
0.9433053758615711 3.7746294957488935 -1.6892657581449837 0.23785254534143954 0.14257787564791607
0.8635389611619706 4.565797532292765 -0.3815861570482697 3.213639305952693 0.10518722973214836
0.8877560317328523 1.4732681896991027 -1.2098234634786007 1.18678739850723 0.48258106332612666
0.8807938059882205 -1.5312657445835898 -0.030361993848666113 0.08707198710342064 0.4422770747989349
0.8685972819806349 -0.9095475103620001 -0.5611768532415742 3.8534420540073198 0.03927100525116424
0.9279615503559636 4.621443950684889 -0.7870953625469899 3.6513863707245613 0.41562389774181707
0.9819131539493211 3.787983808365748 -1.0014351674777318 1.7241689611068078 0.3273172813314361
0.8833558401265994 -0.39989687822323017 -1.7979047225011948 2.265873824601117 0.06787362248170584
0.9177302292034866 0.05830538827526821 -1.732083754690426 1.39779112086745 0.06338524796062797
0.993044580286712 -1.1342845438577451 -1.6199381671660793 0.45652333258495553 0.23766870045916763
0.9003030561179853 4.478793106410436 -1.899641480263343 4.4641776378471425 0.022250522859329658
0.8952364937152334 -0.03473596337083684 -0.19901099393013366 0.2972516333886628 0.4757226479919177
0.9591741151109848 1.6356277714667327 -1.5820920600692578 0.6279399243772086 0.157780562262569
0.9911019773452349 -0.5493566716979084 -0.3272252294424889 1.8221623986764954 0.15126209047753164
0.9525524959093676 -0.23000117994349867 -0.2305922187544318 3.5068450287890727 0.4308339724139748
0.9896323095050411 2.3088880289880027 -1.985781571083046 1.466508513364366 0.07282124976800135
0.92562025059346 -0.3057210758125464 -1.416286078547602 4.269566418219299 0.4924141143444469
0.9565961436791156 -1.8731479127399484 -1.250309134476927 1.641695882939017 0.42589343319700224
0.9485764947519373 4.221589092400409 -0.669929601313926 4.879062289272259 0.26334978241354795
0.9024635795375415 3.9059593955035234 -1.1167104476610765 0.3902444150701213 0.2505420596073509
0.9822562832920931 -0.8352520536554255 -1.9868409466097234 3.2635432195626657 0.08118535678009975
0.9506592140755755 -1.3084593577544978 -0.15310413744069074 2.407854837993279 0.45135617780931037
0.8922798772998561 -1.1029292369878265 -1.6332709067906697 4.467003865442405 0.42763194550302686
0.9092573617704799 0.7955738768497249 -1.665878288319408 2.211919498778003 0.08951678932094771
0.960878940274982 0.940239815492645 -0.18275591225088705 1.6777753982482784 0.08645598191382511
0.9411404512859396 3.205233963299153 -0.8651725133009718 0.49933842928146505 0.11410407097603309
0.9213848209114548 3.3832812749758414 -0.4039580656226638 4.795776170285638 0.2995715957741106
0.9079054481541136 0.47906358833929374 -0.49484013338623023 3.381052471243157 0.2601105625929759
0.9726753629032558 3.2277713295299133 -0.02141836885334536 3.4639881848747986 0.07396154185748895
0.9696286020369751 4.6288655296051555 -0.48228179799496984 0.009508368377331763 0.2888672336378717
0.8707691991758203 1.2771620780081863 -1.4658606673842756 3.996690879760018 0.2695042612711916
0.9870108418387334 -0.6807834339546075 -1.3452337318822476 2.8925803560304213 0.15410901674702174
0.9540846294884477 -1.284260124885404 -0.12158008123576658 1.2523172304053232 0.27551413994266966
0.9052774398204413 -0.32500163498287793 -1.715257921510001 2.6807569736512886 0.41857179222346386
0.8817913917849529 1.9337929754157432 -1.2634640312559555 3.8010452562925643 0.0015544653229690075
0.9628578678315427 2.6657274387664476 -1.0208956920406687 2.759347691299533 0.051753090618385775
0.9449344975441444 1.8442850680667227 -0.41641411163061814 1.937984122557067 0.45796704489515433
0.8765497614351964 3.467539174270385 -0.46760697758048275 0.8593966293282793 0.03413334836169324
0.857090646317049 4.8129648518693084 -1.8741962575359552 3.906888741815475 0.4993629037787982
0.8945977369917113 2.287290750946916 -0.9673068659345689 2.8508007276434815 0.2803394624236335
0.9498304553343837 -1.9875408209754644 -1.563606285822554 2.943910977346536 0.42235589411781305
0.971528224960341 1.3154152536521977 -0.5796968673802794 1.9250445067977782 0.46000657547057394
0.9061509797996972 0.19013423319297118 -1.9500222993305978 1.1664648732062435 0.31033662975583526
0.9791460971101029 -0.8303113170226561 -1.652458559315272 0.19795022897217074 0.010806603282783265
0.8617966579864204 -1.2463342701865971 -1.7601920568084655 2.8250698466182174 0.2477101075045093
0.8710471929379989 3.687778884530098 -0.7318266741816393 1.5405609063921302 0.016949800411978595
0.8986577825140504 4.271823660772896 -0.93009534362822 0.990732427466499 0.03116887574945583
0.9946361780713682 4.486896550007916 -0.46633098746942014 4.7394259159346195 0.3832229866399405
0.920252565178272 3.930575132358233 -0.10193033648977567 4.717454116619509 0.39259039728255474
0.8667781043147855 -0.2238790308706533 -0.22467465953765342 1.7439378898870168 0.13417507765768294
0.8911883797130358 0.42709564704184366 -1.5015765923435038 1.41338614345268 0.35378211060671716
0.9158210314450524 2.1689659654654188 -1.544520268206033 2.551277017306817 0.477237540871937
0.9928248975037732 2.9917594586006944 -0.555391344131726 4.616896669247559 0.44612009870639696
0.9321580750558416 0.02153037246986278 -1.086888589693059 2.072399804253834 0.006454749385395607
0.8737586152130297 -1.5719425706903847 -0.9523326933406024 2.985458282381427 0.057144051715405444
0.9235688859358341 2.459342833775459 -0.702602905973851 4.525045703614612 0.22180319566596723
0.8626904667448523 4.073587678473858 -1.9331097042912007 2.5317788100523746 0.01378497687551491
0.9845866263317236 1.7436776705854022 -0.9774876677604851 1.3221641341499302 0.3390676823473507
0.8506932030819707 -0.43549869372840266 -0.354205509498402 3.0054756135490903 0.20839834673188568
0.9832977279195467 -1.3576468834892386 -0.9374504689307788 0.9003046155585016 0.28462114709183567
0.9356095670196455 0.8917134305346202 -0.007521123333279256 0.7655414234405793 0.008212422475062356
0.9423926260072103 4.167590670519139 -0.2117292633181298 1.3365804922501643 0.12322179282425497
0.8540467950473439 -0.11213356162370314 -1.3093307157061274 1.8723779535107588 0.1977582394692734
0.9784637201518747 2.78358264966779 -0.30669169850650935 4.824423000956483 0.10839116047557322
0.940253520402276 1.5329672111724886 -1.1370350705227397 4.903755422877625 0.35735107877981603
0.9998185791066052 0.6416184542628427 -1.7437536522924424 2.2752773645419184 0.12594430025528783
0.884585327829895 1.1920866935164298 -0.6905979377900546 0.7991686923996317 0.02544272870471417
0.8530687887127187 0.3406070717702412 -1.602455652429689 4.9342766213988885 0.24595614220398332
0.8857789619992703 -1.473938660792801 -1.962304219246126 3.328961220146131 0.2168575966235768
0.9555295196482113 3.0501078296701074 -0.7700199175759463 4.199763531048847 0.27705072114272716
0.9286024467266142 -1.7682188250710154 -0.5107314375133634 0.6972219164062577 0.026998123804606478
0.8588953309592874 3.5396387195375505 -0.8088892873457898 3.3580730113192336 0.10029606181370235
0.9313283299071313 2.1118823419498085 -0.0726299984293941 2.1179301654123805 0.36909162290412295
0.9615730351101643 0.6995338429345215 -1.3027851883076638 1.6187821806642142 0.49447235724154515
0.9476631268201468 4.734309566309941 -1.4390138956921104 2.59714396428649 0.3729786451710507
0.9970992481046052 0.42062954269631403 -0.8412146967600405 2.1791909827405256 0.34262148493601235
0.9015858721957509 -1.9258098147961 -1.0276217644757608 3.4068166888654714 0.2587851316396996
0.9086206479560881 3.116516682267817 -0.8818726268281725 4.419868692008113 0.47284934976631426
0.9967824066894978 1.053497180436164 -0.9095179584271049 0.8944276018742234 0.17599934253770166
0.8746643855725127 3.141130619561257 -0.5449395339786103 3.0842751001741213 0.09466520022913659
0.8595801394119299 1.0827692884852524 -0.6180564503696129 0.9392159497719321 0.17705766644696963
0.8642800017723189 1.5805926835662798 -1.4097924459542663 3.5508524822179766 0.1291437568268322
0.9462895451360873 1.2361431277988575 -1.0491170410054833 4.553055378571368 0.4017440053387714
0.8902501289268255 -0.7854268129950837 -1.530178443687806 0.7268889545384141 0.46909182733214455
0.9808034482757487 -0.7061076927735201 -0.05297241940834985 4.320556647075603 0.3096226803105347
0.9224820303632317 1.8809852281994686 -0.5934950847410161 1.9990995027107514 0.4657847044785941
0.9244321757187612 1.1552832747897281 -1.1763192006331487 2.312201157035144 0.3610809521330946
0.919282100327841 4.938631554194794 -0.9898099036891499 3.6167063403092623 0.07961341464017237
0.8723714174386327 1.7953381238817814 -0.3424270046033431 2.6030456191403406 0.18240425012375724
0.8790960995752177 -1.1892866943739981 -1.5540683187865705 4.067998586978315 0.24080300609203514
0.9731489962415987 3.63024170943277 -1.131874794758186 2.150797790011353 0.042081971324611056
0.9859537307785593 3.3367934451809926 -1.8487154448140284 4.23484651867363 0.21136010283038947
0.8695168514843579 -1.6530971411522801 -1.4487952376571624 1.0725212348234134 0.40697275394813487
0.8964155034663618 1.987607789813579 -0.738340786959996 4.15849746254549 0.2706677257679785
0.957923649847207 1.0164133257035286 -0.7096095382092609 4.129180368758834 0.045678951765257506
0.9669269887089192 4.03467117061985 -1.3300494018929414 3.0348837036417646 0.4129265176642411
0.9983861636935584 1.7239520814457792 -1.6696799179809472 4.644768625667136 0.39829339233717725
0.8526654443256153 0.2518260221185158 -0.08294872480749649 3.7640897020791764 0.4371392443447729
0.9103493097402342 1.4272982685982236 -1.3511796420470952 0.4271358528548831 0.09889033197024956
0.9381929222241706 3.4185360984725452 -1.0768461953499955 3.283251402697874 0.3637656337050928
0.9517678364649927 0.8259952069360663 -1.3616048798169265 1.5199104470493103 0.11810498428831781
0.9149415035787379 -1.7294755412687646 -0.39073921349016305 3.8943391952021287 0.16840745930741233
0.8517337414691171 3.8363999151963 -0.3713323970930671 1.0132495287051044 0.3318980163204194
0.914 0.40 -1.73 1.00 0.25