c delta Delta_fund Delta_debt lam lam_prem_shift
0.8891437156105371 0.7067516770810487 -1.0654131859661078 2.368975723461943 0.3733347948679601 0.6460826963229156
0.9266230998431711 0.5529958336451664 -0.28878358117386593 4.861626939720674 0.13718370671108487 -0.5573558367589753
0.9908756880288112 3.3194736301853656 -1.231074067802332 1.2323287001077734 0.3168662229760225 0.34576296818224783
0.9189780634933588 0.3114522564165947 -1.166565604265882 2.342030215728011 0.227642305224828 -0.1131145299318419
0.9748496016533512 2.405620550831681 -0.0590970980726353 1.4975357419691049 0.18577373649112175 -0.321448699041305
0.9370364326344358 4.433860282065863 -1.8011830281905177 0.15558457356679598 0.16573534591297426 -0.41951180821302003
0.8826216485783516 4.975815835729745 -1.785927233114283 1.1288511229672609 0.35137779642355443 0.5284331742483088
0.9952066740026986 2.3757081848396817 -1.2821833801034113 2.0240088667751164 0.29107922112149315 0.21111886481102804
0.8999426222258298 -1.6799551126226406 -1.1998048317885726 1.772389821040068 0.2138742938986 -0.1821301087850582
0.9399318420776128 2.6999768612370247 -1.2182245576036852 1.286860601405624 0.29530405922428915 0.23306817132394375
0.913967594049094 2.5360998464170668 -1.4925399516818854 0.3101861747910348 0.18778823808440806 -0.3115306794373227
0.9118527294663362 2.093989785394167 -0.13905873826863435 3.9492903963074513 0.38357417697575613 0.7013183018774587
0.916541846997304 1.6498461701884293 -0.4270564446901175 3.7915726610232894 0.19395495919084788 -0.28110284285958187
0.9686274122625448 0.1275023892329794 -1.8638626615560447 2.058734106193173 0.31566132435976063 0.3394361125422716
0.9366959768911944 1.3985000009604538 -1.3856455379115953 2.9143161283786805 0.19276511313482253 -0.2869816492055959
0.9308457823280176 2.0590481503745064 -1.2749938465159292 2.648355459482024 0.23424158889146185 -0.07985999499717966
0.8887096078508333 -0.9426219402407972 -0.11150434691578924 3.1433651472463278 0.056342554817284736 -0.9353255316213369
0.9580811903503376 4.307218513983344 -0.6660826722005033 0.21634201893349048 0.487528600894185 1.274742415673427
0.9867598232550759 -1.851540933535203 -1.588665612143183 3.115807888665376 0.3253951574195517 0.3906465903575551
0.945424391000096 -0.06904953891163057 -1.7545157143103158 1.5936267359517715 0.4542688200851497 1.088858803546679
0.8750634731979119 -1.6199098430410863 -1.8233356506095373 3.668882350544609 0.32249787756039866 0.37538027367841575
0.9658358845923816 -0.6200094739538621 -0.6436906602740717 1.040725608757827 0.39365487095199575 0.7559247608273107
0.8604172675152556 2.8390173966206587 -0.8357194783759827 0.5294037012880058 0.1309614132841367 -0.5870994081019969
0.8977699204540585 -0.5708379782301849 -1.9417208621639552 0.05232750237624505 0.06228914719050704 -0.9081554413690833
0.8672092061508575 2.200019103630824 -0.1634153137996921 3.7309552310422416 0.30140746258731915 0.26485385627313995
0.855923242289692 2.9376259154376863 -1.8276799457163044 4.969733361280976 0.3487856879807538 0.5146167805767181
0.9031586106361909 4.898734789335569 -1.7024364637041938 4.568861145211429 0.4472036863074709 1.049657609982626
0.9757217015786488 2.5754120277837966 -0.2400104711403177 0.10907004585997464 0.3037184727123407 0.276912832966719
0.8566078893818394 0.6006476570095916 -1.5106369454370625 2.467998429365349 0.16161148134972833 -0.4395586772341984
0.9678995951904904 4.1455066420230935 -0.2615365487084542 3.1811418424938176 0.11227000289356126 -0.6758010657717826
0.9778747170129196 4.684951486516536 -0.2791388469997851 3.5683347909333123 0.4054500218064271 0.8201004860382595
0.9532671984151582 0.21490627529684625 -1.911872998837416 4.0325593624128695 0.09164994785623096 -0.7725199478029996
0.8787620363960919 4.351469036778369 -0.7770605684987906 0.553250784372711 0.25373723718853497 0.019032163527133328
0.9638011140069712 -0.1454111136773779 -1.3948623716288715 1.8487003365393564 0.4854917392834687 1.2632963192200872
0.8778985752013847 3.702168773203177 -0.9034570003475813 4.369819439101399 0.3776449538993103 0.6693050530878581
0.9291903004027796 2.7568862019795177 -0.8777941657392858 2.438993892180042 0.38775987470475975 0.7239647774208295
0.9701216900747888 -1.4108284498566632 -0.6048290518456358 0.595058391571435 0.20654190317100848 -0.21868378993632387
0.8862130596988146 2.997032046405007 -0.4485739960210027 4.334212945297635 0.14971164611706025 -0.49714676465481045
0.9347761032743948 3.5584095001223157 -1.094030015563713 3.4901798869670317 0.3460473647173532 0.5000378540493875
0.9883943539440035 2.894283017526959 -1.4779331911722733 0.6452476039104362 0.2004054003545268 -0.24916714765839298
0.9649329239523544 -1.0551490438788576 -0.6266819726378929 2.7109924245138157 0.17242717562567508 -0.3868837005446064
0.9045963473597424 -0.4723901415680421 -0.7553293274750521 4.6741215600390635 0.22351968353942944 -0.1338318165768344
0.8939043243786005 0.9249186970424006 -0.5229363098663449 0.3417641875671102 0.4338191364284485 0.9756732813633144
0.9335233117868726 4.011161970310003 -1.1565282594397597 4.034478964439678 0.14439985802360236 -0.5227277666779111
0.9123484100722538 -0.9920910519696148 -0.3041769525923599 2.798124524324353 0.3352641596666731 0.442796675776127
0.8658335745823394 4.842853290963221 -1.8840589489608488 0.8299779369115358 0.23279681661983415 -0.08714995611330512
0.9768475359420202 2.494011839789839 -0.8173935458420312 4.2111098761481855 0.048636927638466214 -0.9703808492852057
0.9433053758615711 3.7746294957488935 -1.6892657581449837 0.23785254534143954 0.14257787564791607 -0.5314844110277237
0.8635389611619706 4.565797532292764 -0.3815861570482697 3.213639305952693 0.10518722973214836 -0.7091579541089388
0.8877560317328523 1.473268189699103 -1.2098234634786007 1.18678739850723 0.4825810633261266 1.2469537789097211
0.8807938059882205 -1.5312657445835898 -0.03036199384866612 0.08707198710342064 0.4422770747989349 1.0223823914673185
0.8685972819806349 -0.909547510362 -0.5611768532415742 3.85344205400732 0.03927100525116424 -1.0127577441832094
0.9279615503559636 4.621443950684889 -0.7870953625469899 3.651386370724561 0.41562389774181707 0.875696329080462
0.9819131539493212 3.7879838083657478 -1.0014351674777318 1.7241689611068078 0.3273172813314361 0.40078556976007107
0.8833558401265994 -0.39989687822323017 -1.7979047225011948 2.2658738246011167 0.06787362248170584 -0.8825472224168429
0.9177302292034866 0.05830538827526821 -1.732083754690426 1.3977911208674498 0.06338524796062797 -0.9031362219802448
0.993044580286712 -1.1342845438577451 -1.6199381671660793 0.4565233325849555 0.23766870045916766 -0.06254620012276213
0.9003030561179853 4.4787931064104365 -1.8996414802633432 4.464177637847143 0.022250522859329658 -1.0891142813284724
0.8952364937152334 -0.034735963370836835 -0.19901099393013366 0.2972516333886628 0.4757226479919177 1.2085111251658907
0.9591741151109848 1.6356277714667329 -1.5820920600692578 0.6279399243772086 0.157780562262569 -0.45814013186268543
0.9911019773452348 -0.5493566716979084 -0.3272252294424889 1.8221623986764957 0.15126209047753164 -0.48966542523338674
0.9525524959093676 -0.2300011799434987 -0.2305922187544318 3.5068450287890727 0.4308339724139748 0.959223105420925
0.9896323095050412 2.3088880289880027 -1.985781571083046 1.466508513364366 0.07282124976800135 -0.859784574832906
0.9256202505934599 -0.3057210758125464 -1.4162860785476017 4.2695664182192985 0.4924141143444469 1.302229011997846
0.9565961436791156 -1.8731479127399484 -1.250309134476927 1.641695882939017 0.42589343319700224 0.9320384764810603
0.9485764947519372 4.221589092400409 -0.6699296013139261 4.879062289272259 0.26334978241354795 0.0681467032825358
0.9024635795375416 3.905959395503523 -1.1167104476610763 0.3902444150701213 0.2505420596073509 0.002758286047942704
0.9822562832920932 -0.8352520536554255 -1.9868409466097237 3.2635432195626657 0.08118535678009975 -0.8211444292930796
0.9506592140755756 -1.3084593577544978 -0.15310413744069076 2.4078548379932796 0.4513561778093104 1.0726855923131016
0.8922798772998561 -1.1029292369878263 -1.6332709067906697 4.467003865442405 0.4276319455030269 0.9415985647106604
0.90925736177048 0.7955738768497249 -1.6658782883194083 2.211919498778003 0.08951678932094771 -0.7824570586653197
0.960878940274982 0.940239815492645 -0.18275591225088705 1.6777753982482784 0.08645598191382511 -0.7966929794818984
0.9411404512859396 3.2052339632991536 -0.8651725133009718 0.499338429281465 0.11410407097603308 -0.6671404538506458
0.9213848209114548 3.3832812749758414 -0.4039580656226638 4.795776170285638 0.2995715957741106 0.2552834119935161
0.9079054481541136 0.4790635883392938 -0.4948401333862302 3.381052471243157 0.2601105625929759 0.0515701923426608
0.9726753629032558 3.2277713295299133 -0.02141836885334536 3.463988184874798 0.07396154185748895 -0.8545284698789093
0.9696286020369752 4.628865529605156 -0.4822817979949698 0.009508368377331764 0.2888672336378717 0.19964430940482547
0.8707691991758203 1.2771620780081865 -1.4658606673842756 3.996690879760018 0.2695042612711916 0.09971427447244618
0.9870108418387334 -0.6807834339546075 -1.3452337318822476 2.8925803560304213 0.15410901674702174 -0.47591108597279064
0.9540846294884476 -1.2842601248854042 -0.12158008123576658 1.2523172304053232 0.2755141399426697 0.13063129206446433
0.9052774398204412 -0.32500163498287793 -1.7152579215100012 2.6807569736512886 0.4185717922234639 0.891846619889054
0.8817913917849529 1.9337929754157432 -1.2634640312559555 3.801045256292564 0.0015544653229690073 -1.1808153229543725
0.9628578678315428 2.665727438766448 -1.0208956920406689 2.759347691299533 0.051753090618385775 -0.9562251222838629
0.9449344975441444 1.8442850680667229 -0.4164141116306181 1.9379841225570669 0.4579670448951543 1.1094188932682458
0.8765497614351964 3.4675391742703847 -0.4676069775804828 0.8593966293282793 0.03413334836169324 -1.0358951783489707
0.8570906463170491 4.8129648518693084 -1.8741962575359552 3.906888741815475 0.4993629037787982 1.3414025324775158
0.8945977369917113 2.2872907509469163 -0.9673068659345688 2.850800727643481 0.2803394624236335 0.1555193580394345
0.9498304553343836 -1.9875408209754644 -1.563606285822554 2.943910977346536 0.42235589411781305 0.9126051616579369
0.971528224960341 1.3154152536521977 -0.5796968673802794 1.9250445067977784 0.4600065754705739 1.1207693454489682
0.9061509797996972 0.1901342331929712 -1.9500222993305976 1.1664648732062437 0.3103366297558353 0.31151796641128016
0.9791460971101028 -0.8303113170226561 -1.652458559315272 0.19795022897217074 0.010806603282783264 -1.139976424163403
0.8617966579864204 -1.2463342701865971 -1.7601920568084657 2.8250698466182174 0.2477101075045093 -0.0116439570764868
0.8710471929379989 3.6877788845300983 -0.7318266741816393 1.5405609063921302 0.016949800411978598 -1.1127210203477058
0.8986577825140504 4.271823660772896 -0.93009534362822 0.990732427466499 0.031168875749455833 -1.0492106694232355
0.9946361780713682 4.486896550007916 -0.4663309874694202 4.73942591593462 0.3832229866399405 0.699419968897125
0.920252565178272 3.9305751323582325 -0.10193033648977567 4.717454116619509 0.3925903972825547 0.7501480269990219
0.8667781043147855 -0.2238790308706533 -0.22467465953765345 1.7439378898870168 0.13417507765768294 -0.5717509303246384
0.8911883797130358 0.4270956470418437 -1.5015765923435038 1.4133861434526798 0.3537821106067172 0.5412623937818681
0.9158210314450524 2.1689659654654188 -1.544520268206033 2.5512770173068167 0.477237540871937 1.2169944615684445
0.9928248975037732 2.9917594586006944 -0.5553913441317261 4.616896669247558 0.44612009870639696 1.0436542740437806
0.9321580750558416 0.02153037246986278 -1.0868885896930591 2.072399804253834 0.006454749385395607 -1.1592169569535131
0.8737586152130297 -1.571942570690385 -0.9523326933406024 2.9854582823814266 0.05714405171540544 -0.9316694211601497
0.923568885935834 2.459342833775459 -0.7026029059738511 4.525045703614612 0.22180319566596726 -0.14244464765328768
0.8626904667448523 4.073587678473857 -1.9331097042912009 2.5317788100523746 0.01378497687551491 -1.126776197380198
0.9845866263317236 1.7436776705854022 -0.9774876677604852 1.3221641341499302 0.3390676823473507 0.4629562862203107
0.8506932030819707 -0.43549869372840266 -0.354205509498402 3.0054756135490903 0.20839834673188568 -0.20944230786111362
0.9832977279195468 -1.3576468834892386 -0.9374504689307788 0.9003046155585016 0.2846211470918357 0.17765158118402535
0.9356095670196456 0.8917134305346202 -0.007521123333279256 0.7655414234405793 0.008212422475062356 -1.1514526079518435
0.9423926260072104 4.167590670519139 -0.2117292633181298 1.3365804922501645 0.12322179282425495 -0.6239464061121325
0.8540467950473439 -0.11213356162370314 -1.3093307157061274 1.8723779535107588 0.1977582394692734 -0.2622863791499759
0.9784637201518748 2.78358264966779 -0.3066916985065093 4.824423000956483 0.10839116047557322 -0.694086222530462
0.9402535204022759 1.5329672111724886 -1.1370350705227397 4.903755422877626 0.35735107877981603 0.5603305267221002
0.9998185791066052 0.6416184542628427 -1.7437536522924424 2.2752773645419184 0.12594430025528786 -0.6110039770340174
0.8845853278298951 1.1920866935164298 -0.6905979377900546 0.7991686923996317 0.02544272870471417 -1.0748580594112687
0.8530687887127187 0.3406070717702412 -1.602455652429689 4.9342766213988885 0.2459561422039833 -0.020553748189178656
0.8857789619992703 -1.4739386607928011 -1.9623042192461262 3.3289612201461316 0.2168575966235768 -0.16721740364949067
0.9555295196482112 3.0501078296701074 -0.7700199175759463 4.199763531048847 0.2770507211427272 0.1385504236083115
0.9286024467266142 -1.7682188250710154 -0.5107314375133634 0.6972219164062577 0.02699812380460648 -1.067900936168019
0.8588953309592874 3.5396387195375505 -0.8088892873457898 3.3580730113192336 0.10029606181370236 -0.7321109980172862
0.9313283299071312 2.1118823419498085 -0.0726299984293941 2.1179301654123805 0.36909162290412295 0.6232619325483446
0.9615730351101645 0.6995338429345215 -1.3027851883076638 1.6187821806642142 0.4944723572415452 1.313822681333371
0.9476631268201468 4.734309566309942 -1.4390138956921104 2.59714396428649 0.3729786451710507 0.6441656861566623
0.9970992481046052 0.420629542696314 -0.8412146967600405 2.1791909827405256 0.34262148493601235 0.4818227620140352
0.9015858721957508 -1.9258098147961 -1.0276217644757608 3.4068166888654714 0.2587851316396996 0.04479498038384033
0.908620647956088 3.1165166822678168 -0.8818726268281725 4.419868692008113 0.4728493497663143 1.192433156929841
0.9967824066894978 1.053497180436164 -0.9095179584271048 0.8944276018742234 0.17599934253770164 -0.3694170622319337
0.8746643855725127 3.141130619561257 -0.5449395339786103 3.0842751001741213 0.0946652002291366 -0.7584517006520173
0.8595801394119299 1.0827692884852524 -0.6180564503696129 0.939215949771932 0.17705766644696966 -0.36423564278671616
0.8642800017723189 1.5805926835662798 -1.4097924459542663 3.550852482217977 0.1291437568268322 -0.5957678879951933
0.9462895451360872 1.2361431277988577 -1.0491170410054833 4.5530553785713685 0.4017440053387714 0.7999040394642885
0.8902501289268255 -0.7854268129950837 -1.5301784436878059 0.7268889545384141 0.4690918273321446 1.1714319426075557
0.9808034482757488 -0.7061076927735201 -0.05297241940834985 4.320556647075603 0.3096226803105347 0.3077797880492934
0.9224820303632316 1.8809852281994688 -0.5934950847410161 1.9990995027107517 0.4657847044785941 1.152971204610008
0.9244321757187612 1.155283274789728 -1.1763192006331489 2.312201157035144 0.3610809521330946 0.5802894063343649
0.9192821003278409 4.938631554194794 -0.98980990368915 3.6167063403092623 0.07961341464017238 -0.8284216588031583
0.8723714174386327 1.7953381238817814 -0.3424270046033431 2.6030456191403406 0.18240425012375724 -0.33801351922503997
0.8790960995752177 -1.189286694373998 -1.5540683187865705 4.067998586978315 0.24080300609203514 -0.04668530931182513
0.9731489962415988 3.63024170943277 -1.131874794758186 2.150797790011353 0.042081971324611056 -1.0000660470407943
0.9859537307785592 3.3367934451809926 -1.8487154448140284 4.2348465186736295 0.21136010283038947 -0.19467980257335782
0.8695168514843579 -1.65309714115228 -1.4487952376571624 1.0725212348234134 0.4069727539481349 0.8284074200718115
0.8964155034663618 1.987607789813579 -0.7383407869599959 4.1584974625454905 0.2706677257679785 0.1056925487426632
0.957923649847207 1.0164133257035286 -0.7096095382092609 4.129180368758834 0.04567895176525751 -0.9837919621473015
0.9669269887089192 4.03467117061985 -1.3300494018929414 3.0348837036417646 0.4129265176642411 0.8609347173279271
0.9983861636935584 1.7239520814457792 -1.6696799179809472 4.644768625667137 0.3982933923371773 0.7811262050178893
0.8526654443256153 0.2518260221185158 -0.08294872480749649 3.764089702079176 0.4371392443447729 0.9939909844878558
0.9103493097402342 1.4272982685982236 -1.3511796420470952 0.4271358528548831 0.09889033197024956 -0.7386952700384475
0.9381929222241706 3.418536098472545 -1.0768461953499957 3.2832514026978736 0.3637656337050928 0.5946749538066189
0.9517678364649927 0.8259952069360663 -1.3616048798169265 1.5199104470493103 0.1181049842883178 -0.6482151935631117
0.914941503578738 -1.7294755412687646 -0.3907392134901631 3.8943391952021287 0.16840745930741233 -0.40649758800392366
0.8517337414691171 3.8363999151962997 -0.3713323970930671 1.0132495287051044 0.3318980163204194 0.4249834910715462
0.914 0.4 -1.73 1.0 0.25 0.0
